${AnsiColor.BRIGHT_MAGENTA}
                             047
                            77 127                                      7
                           7177  1807                            725455180
                           2  767  7081    771122211777      7142777777 28
                          1     47   790021117 77777719080 7517  7777   90
                          1      81     17 77  7777     717    177      05
                         77   777       7777  7777  77777     7         87
                         1  717        7777   777   7777                07
                         7 12                       7                   8
                         567     7 71 7                    77           22
                        79    77    7                                    07
                       94                                  7 7 7          0               080891         1080827                   10027   708067 714957   7199927
                      85                                   77             49             08   7180      807   708777777           80777681506   7580 772825047777580
                     84                                           7        8             87      107   107      780000080801     80      707      78     008       407
                    10                                             7       09            07       4069208                  08    05           805117      12        190087
                    0           7712777                              7     70            87            81                   48    01         70                          82
                   01          98080808                77290897       7     87           07           87                     0     181        8                           8
               777787          2777  77                108080808            05          78           87  77777775556        785    500        78                          78
                  1017                                        717           20   711551 10        7  0 7857777777777         7108 70           287                        50
                 7487                                                    77 18 8057    808        01 5155                       78787            55607      780        80867
                  70                                                     1775087       010     71089  708                        28 80             085       187       1801
     10        77778117               15     8      17                  777 58      7507 707  587  107 707      151     752       07 1047 787     00                      787
    7080           28               77705777805    7806606006517       777 7829   9617     9868      77080      508     7080      10   751801     87                       78
    005807          987      7711117777771217 7944457       77140891    777007  78            01       7081                        87    702      78                        98
   78555601          7847725517777   777    7   777   777  717   7728047  908   8             70        8787           162221      78   807        07       8       92       07
   805112906          28177   777    77    7    777   777 11 77777   776087 0   01             86       78 77         08    787    20  80          70       08      78       10
   0955221508     74417  7   7777   777   77   777   777 15 777777777   77548   70              8        07 602    085807     8080808  0            81                        87
  781112111208272977   777   7777   777  777   7     77 78 77777777  7     7087  8              08       706      98    71697 78    78 10            8                        78
  905222525680204   777777   7777   777   77   7777777  14 77777777751117 7  780 67              07      78       80        61 0     78 701          06                        04
  0911125804    487  77777   7777   777  777  780808082 41 7777777 707777777   7087              60       05    0079077      87       01  5817580     0       78       87      70
  89459081       7867 7777   7777   777   77   48944907 07 77777777 201  777777  08               87       48  18    72001   08127    80   780511     50       05      68       80
  066807           1057 777   7777   77  777    7715251 41 77777777 0477777777   40               28         1680        71997   700  09   50          8                         8
  8087               2817 7   7777   77   77   7    777 70  7777777  71777777  1801                01         80117                 806    78          78                        98
  51                   5057  777777  777   7   777       87  7777777    77   100 12                707     7480   79080577          78      08          40                       70
                         1807   777777777 777   777   77 787  777777777   7285   07                 708110802          71580857     80       087         487                    708
                           76857    7777777777   777   77 7867  77    7748165    8                    7117                   71808084         780800600808520808080808080808080805
                              7985777     7777777777    7   1591  771491  71    96                                                                 7777
                                5716494217777777       77777771496087   757    70
                                0   77771545846000008959006451177  027177     40
                                0   9       0         49           8       7587
                                67  8      787       78           7077771557
                                 8 47      816       8  17 7     70
                                 780      7071      82707       80
                                  0      70 5      8547       987
                                  50877780 15 5  787 07   7162
                       711199000602968080224080808011508080857771115969427
                                                                    77